0.6460713246796497
0.5823492961027416
0.5414651495915839
0.5120785414151755
0.49108209176703255
0.4742389182949157
0.4616054445363361
0.45208101531758293
0.44382381274743266
0.4375517334005699
0.4314328726561834
0.4270015430098823
0.42318135329817275
0.4196151466056577
0.4168403889313978
0.4138070095674295
0.41163113148976915
0.4093129074823051
0.40732472708234324
0.40623441166984364
0.4040362962958475
0.40344219237254075
0.4015085585309028
0.4001636304081791
0.39981834339483024
0.39860695835865756
0.39814602859410414
0.3968569039589558
0.39637254881756745
0.3954628894546846
0.39419812294384277
0.3936784904163072
0.3937414425481058
0.3925297525414504
0.3920752015939562
0.3912860028920686
0.3912930385795352
0.3905665786151768
0.3893186018282067
0.38955135705865757
0.39007651873932464
0.3889951083656723
0.3888635771201975
0.3885552545284567
0.3876293798524011
0.3877797534106234
0.3873501122848518
0.3874115563794389
0.3871485060532812
0.3868001068948452
