語彙数: 3000001
次元数: 300
形状: (3000001, 300)
最初の5単語
ID: 1, 単語: </s>, 埋め込みベクトル: [ 1.1291504e-03 -8.9645386e-04  3.1852722e-04  1.5335083e-03
  1.1062622e-03 -1.4038086e-03 -3.0517578e-05 -4.1961670e-04
 -5.7601929e-04  1.0757446e-03 -1.0223389e-03 -6.1798096e-04
 -7.5531006e-04  1.4038086e-03 -1.6403198e-03 -6.3323975e-04
  1.6326904e-03 -1.0070801e-03 -1.2664795e-03  6.5231323e-04
 -4.1580200e-04 -1.0757446e-03  1.5258789e-03 -2.7465820e-04
  1.4019012e-04  1.5716553e-03  1.3580322e-03 -8.3160400e-04
 -1.4038086e-03  1.5792847e-03  2.5367737e-04 -7.3242188e-04
 -1.0538101e-04 -1.1672974e-03  1.5792847e-03  6.5612793e-04
 -6.5994263e-04  2.9206276e-06  1.1291504e-03  4.2724609e-04
 -3.7002563e-04 -1.1520386e-03  1.2664795e-03 -3.5166740e-06
  2.6512146e-04 -4.0245056e-04  1.4114380e-04 -3.3617020e-05
  7.5912476e-04 -5.1879883e-04 -7.1048737e-05  6.0272217e-04
 -5.0735474e-04 -1.6250610e-03 -4.3678284e-04 -9.9182129e-04
 -1.2207031e-03 -3.2234192e-04  6.8664551e-05 -1.1672974e-03
 -5.1116943e-04  1.4114380e-03  3.3569336e-04 -4.7492981e-04
 -1.3732910e-03  3.6621094e-04 -1.4419556e-03 -6.0653687e-04
  8.0108643e-04  1.1291504e-03 -8.3541870e-04 -1.1596680e-03
  9.1552734e-04  5.2261353e-04 -3.2806396e-04  1.5945435e-03
 -1.5792847e-03 -3.5667419e-04  4.9591064e-04  1.0147095e-03
 -1.0986328e-03 -1.6593933e-04 -1.4209747e-04 -2.6130676e-04
  1.2588501e-03  3.8623810e-05  1.6880035e-04 -1.0299683e-03
  1.6098022e-03  6.2942505e-04  4.1770935e-04 -1.3504028e-03
  3.4904480e-04  1.1444092e-03 -1.2054443e-03 -1.1825562e-03
  9.4985962e-04  6.0558319e-05  1.0728836e-05 -6.6757202e-04
  1.2435913e-03  6.9046021e-04  5.5551529e-05 -8.6212158e-04
 -1.1672974e-03  1.2130737e-03 -8.0490112e-04 -8.7738037e-04
  2.2792816e-04 -3.9672852e-04 -8.5830688e-04  2.8800964e-04
 -1.5869141e-03  4.8446655e-04 -1.1215210e-03  1.9669533e-06
 -3.7956238e-04  7.0571899e-04 -1.5869141e-03  1.6250610e-03
  1.5563965e-03 -4.3106079e-04  9.8419189e-04  9.0408325e-04
 -1.3961792e-03  1.2054443e-03 -7.0190430e-04  2.7084351e-04
 -1.2359619e-03  6.9046021e-04 -8.4304810e-04  1.3427734e-03
 -1.4343262e-03 -6.7138672e-04  1.5487671e-03 -1.0986328e-03
  1.1901855e-03 -1.4266968e-03 -6.8283081e-04 -7.8582764e-04
  4.8065186e-04  4.0817261e-04 -6.3705444e-04  1.4495850e-04
 -9.7656250e-04  1.4495850e-03  8.4564090e-07 -1.6632080e-03
 -3.2806396e-04  6.2942505e-04 -1.4343262e-03 -3.4141541e-04
  1.1520386e-03 -5.3024292e-04 -4.7111511e-04 -8.5067749e-04
 -1.3809204e-03 -1.2435913e-03 -1.3275146e-03  1.0757446e-03
  1.3198853e-03 -3.0326843e-04 -3.7431717e-05  1.1825562e-03
 -1.3580322e-03 -1.0452271e-03  5.6743622e-05 -1.0147095e-03
  4.3296814e-04 -1.5716553e-03 -9.1075897e-05  1.0604858e-03
 -6.0272217e-04 -1.5335083e-03 -1.5335083e-03  5.4168701e-04
  1.3351440e-03  4.1198730e-04 -3.1089783e-04  1.7642975e-04
 -1.3732910e-04 -6.9808960e-04 -8.6212158e-04 -1.0833740e-03
 -2.9802322e-05  8.0108643e-04  6.7901611e-04  3.3569336e-04
 -1.3885498e-03  1.3504028e-03  2.3460388e-04 -1.3351440e-03
 -8.7356567e-04 -7.4386597e-04  1.0833740e-03  6.0558319e-05
 -1.2664795e-03  1.1901855e-03 -6.2179565e-04  1.3597310e-07
  1.2741089e-03 -9.8419189e-04 -1.5487671e-03  1.5563965e-03
 -1.3122559e-03 -7.9345703e-04  1.5335083e-03  1.2969971e-03
 -1.8024445e-04  9.1934204e-04  1.2054443e-03  7.7056885e-04
 -1.6555786e-03  7.7056885e-04  1.4495850e-03 -1.3046265e-03
  6.1035156e-04  6.5994263e-04  1.2588501e-03  1.4190674e-03
 -1.2207031e-03 -1.5106201e-03  1.1291504e-03  1.3427734e-03
  1.6632080e-03 -5.7220459e-04 -5.5694580e-04  3.9863586e-04
 -2.7084351e-04  4.9591064e-04  1.6098022e-03 -7.0571899e-04
  6.2561035e-04 -9.7656250e-04 -1.8978119e-04  9.5367432e-05
 -5.1879883e-04 -2.0408630e-04 -8.2778931e-04 -1.2302399e-04
  7.6293945e-04  3.2234192e-04 -1.2435913e-03  9.9182129e-04
  1.0604858e-03 -1.4114380e-03  9.6797943e-05 -1.5563965e-03
  2.1934509e-04 -5.5313110e-05 -9.1171265e-04 -1.4877319e-03
  1.3656616e-03 -8.4304810e-04 -4.1961670e-04  3.2424927e-04
 -1.0070801e-03  1.2588501e-04 -4.5585632e-04  1.9264221e-04
 -2.6893616e-04  1.4953613e-03 -1.5869141e-03  5.9127808e-04
 -1.4648438e-03  9.6511841e-04 -1.2817383e-03  1.6021729e-03
  1.0910034e-03 -1.3122559e-03  1.0910034e-03 -5.1116943e-04
  3.4523010e-04  1.0452271e-03 -2.0694733e-04  9.0408325e-04
  6.6757202e-04  1.1062622e-03 -8.7356567e-04 -3.7574768e-04
 -2.5749207e-04 -9.1552734e-05  1.4343262e-03 -1.1825562e-03
 -8.7261200e-05  1.3275146e-03 -1.5830994e-04  1.2893677e-03
 -9.8419189e-04 -5.4931641e-04 -1.5487671e-03  1.3732910e-03
 -6.0796738e-05 -8.2397461e-04  1.3275146e-03  1.1596680e-03
  5.6838989e-04 -1.5640259e-03 -1.2302399e-04 -8.6307526e-05]
ID: 2, 単語: in, 埋め込みベクトル: [ 0.0703125   0.08691406  0.08789062  0.0625      0.06933594 -0.10888672
 -0.08154297 -0.15429688  0.02075195  0.13183594 -0.11376953 -0.03735352
  0.06933594  0.078125   -0.10302734 -0.09765625  0.04418945  0.10253906
 -0.06079102 -0.03613281 -0.04541016  0.04736328 -0.12060547 -0.06396484
  0.0022583   0.03710938 -0.00291443  0.11767578  0.06176758  0.06396484
  0.08105469 -0.06884766 -0.0213623   0.05517578 -0.08544922  0.06884766
 -0.12792969 -0.03320312  0.09863281  0.17578125  0.11083984 -0.03466797
 -0.04711914 -0.00848389  0.03588867  0.10302734  0.02697754 -0.02868652
 -0.00512695  0.10644531  0.05981445  0.09423828  0.03369141 -0.02709961
 -0.09423828  0.00102997 -0.04833984  0.03442383  0.08105469 -0.11328125
 -0.08886719  0.03588867 -0.14550781 -0.24414062 -0.06152344  0.05297852
  0.05688477  0.1796875   0.06103516  0.08691406  0.12402344 -0.0402832
  0.02258301  0.17773438 -0.02966309 -0.02966309  0.1171875   0.03112793
 -0.09619141  0.06640625  0.00469971 -0.08007812  0.06298828 -0.02062988
 -0.0546875  -0.13574219 -0.06347656  0.08349609 -0.06396484  0.02148438
  0.07714844 -0.03710938 -0.03369141 -0.18359375 -0.07275391  0.01586914
  0.09326172 -0.06152344 -0.01422119 -0.00344849  0.0111084  -0.15820312
 -0.01708984  0.00619507 -0.00872803 -0.08056641 -0.01525879 -0.08789062
  0.003479   -0.01611328 -0.0123291   0.09765625 -0.13964844 -0.0859375
 -0.02685547  0.05395508  0.1328125   0.11279297  0.12109375  0.08544922
 -0.0071106   0.04467773 -0.14550781 -0.00320435 -0.11767578 -0.06542969
  0.07128906 -0.09423828 -0.03027344  0.12011719  0.08007812 -0.09472656
 -0.16210938 -0.07763672  0.02124023 -0.08154297  0.00393677 -0.15722656
 -0.09814453  0.03979492  0.03930664 -0.00909424  0.10302734  0.06787109
 -0.04272461  0.06347656 -0.04907227  0.02087402 -0.16699219  0.09326172
  0.09375     0.00686646  0.05371094  0.05249023 -0.02441406 -0.0324707
 -0.06152344 -0.0055542   0.09619141  0.0378418   0.01220703 -0.04394531
 -0.00747681  0.10546875  0.02038574  0.14550781  0.08203125  0.00576782
  0.00457764 -0.09277344 -0.13867188 -0.05737305 -0.05151367 -0.13085938
 -0.13964844 -0.02050781 -0.02709961  0.03271484  0.10498047 -0.00233459
 -0.02258301  0.00050354 -0.11083984  0.08496094 -0.12988281 -0.01745605
 -0.00035858  0.10791016  0.08886719  0.04467773  0.02514648  0.02380371
  0.08105469  0.02368164 -0.10986328  0.00537109 -0.0177002  -0.03393555
 -0.03295898 -0.1640625   0.09570312 -0.01831055  0.00531006 -0.03442383
 -0.04418945 -0.06640625 -0.01794434 -0.02966309 -0.00759888 -0.05126953
 -0.05419922  0.08935547 -0.07177734  0.01525879 -0.08251953 -0.03173828
  0.03564453 -0.02124023 -0.05932617 -0.01306152  0.046875    0.02307129
  0.02099609 -0.07861328 -0.00805664  0.01953125 -0.0055542   0.04150391
  0.02783203  0.01361084  0.03466797 -0.18261719  0.12011719  0.07421875
 -0.04101562 -0.00994873  0.04296875 -0.0072937   0.12304688  0.05761719
 -0.0534668  -0.03222656 -0.00909424 -0.04663086  0.04394531 -0.05078125
  0.06884766  0.00299072 -0.00418091 -0.04418945  0.07373047 -0.01275635
  0.06738281  0.00628662  0.07519531 -0.0378418   0.00488281  0.04467773
 -0.06738281  0.00970459  0.00473022  0.02050781  0.07128906  0.17089844
  0.17382812  0.05566406  0.09130859 -0.03735352  0.04980469 -0.03930664
  0.04418945  0.0625      0.04858398 -0.05322266  0.04882812 -0.13085938
 -0.02893066 -0.03613281 -0.06079102 -0.05737305  0.12304688 -0.08251953
 -0.01190186  0.125       0.00135803  0.06396484 -0.10644531 -0.14355469
 -0.04223633  0.02404785 -0.16894531 -0.08886719 -0.08056641  0.06494141
  0.0612793  -0.04736328 -0.05883789 -0.04760742  0.01446533 -0.0625    ]
ID: 3, 単語: for, 埋め込みベクトル: [-1.17797852e-02 -4.73632812e-02  4.46777344e-02  6.34765625e-02
 -1.81884766e-02 -6.39648438e-02 -1.31225586e-03 -7.22656250e-02
  6.44531250e-02  8.64257812e-02 -1.69921875e-01 -3.97949219e-02
  7.12890625e-02 -2.58789062e-02  1.81884766e-02  1.36718750e-01
  1.44531250e-01 -3.36914062e-02 -9.76562500e-02 -1.20117188e-01
 -7.95898438e-02  6.25000000e-02 -6.68945312e-02  7.42187500e-02
  2.27050781e-02  3.34472656e-02 -1.80664062e-01  5.20019531e-02
  1.38549805e-02  9.27734375e-02  3.50952148e-03 -9.09423828e-03
 -9.71679688e-02  6.78710938e-02 -8.78906250e-03  4.41894531e-02
 -1.33789062e-01 -9.96093750e-02  3.32031250e-02  2.79541016e-02
  1.55273438e-01 -1.77001953e-02  1.42822266e-02 -1.09863281e-01
 -8.54492188e-02 -7.32421875e-02 -2.46582031e-02  1.72851562e-01
  6.17675781e-02  8.93554688e-02 -2.42919922e-02  1.41601562e-01
 -3.29589844e-02  2.74658203e-02 -1.55273438e-01  7.87353516e-03
 -7.08007812e-02  4.37011719e-02  6.01196289e-03 -5.59082031e-02
 -1.47460938e-01  2.84423828e-02 -1.32812500e-01 -1.76757812e-01
 -9.13085938e-02 -5.07812500e-02 -2.60009766e-02 -1.48437500e-01
 -8.05664062e-02  1.50390625e-01 -4.34570312e-02  7.91015625e-02
  3.32031250e-02  9.03320312e-02  2.27050781e-02 -6.25000000e-02
  1.64062500e-01  8.59375000e-02 -1.23901367e-02  1.96289062e-01
 -6.22558594e-02  2.24609375e-02 -3.01513672e-02  2.12402344e-02
  3.32641602e-03 -5.54199219e-02 -7.32421875e-02  2.97851562e-02
  4.98046875e-02  1.74560547e-02  1.04492188e-01  3.88183594e-02
  8.49609375e-02 -2.48046875e-01  6.93359375e-02 -1.49414062e-01
  5.83496094e-02  9.57031250e-02 -3.34472656e-02  6.29882812e-02
  2.13623047e-02 -1.45507812e-01  5.37109375e-02 -9.08203125e-02
 -2.53906250e-02  4.54101562e-02  5.31005859e-03 -1.15722656e-01
 -1.95312500e-02  1.21093750e-01  3.22265625e-02  9.47265625e-02
 -6.44531250e-02  2.27050781e-02  1.20605469e-01  6.03027344e-02
  1.20605469e-01  4.88281250e-02  9.32617188e-02  6.68945312e-02
  2.92968750e-02 -3.41796875e-02 -1.11328125e-01  5.34667969e-02
 -2.56347656e-02  1.78222656e-02  6.22558594e-02 -2.58789062e-02
  1.45507812e-01  6.25000000e-02  1.07910156e-01 -1.63085938e-01
 -9.76562500e-02 -1.05957031e-01 -8.54492188e-02 -8.88671875e-02
  1.01074219e-01 -7.95898438e-02  8.42285156e-03  2.40478516e-02
  1.30859375e-01  5.12695312e-02  8.15429688e-02  9.37500000e-02
 -5.85937500e-02 -9.66796875e-02 -2.83203125e-02 -1.45507812e-01
 -1.47460938e-01  1.45507812e-01 -1.75781250e-02  3.29589844e-02
 -8.54492188e-02 -1.09863281e-02 -3.71093750e-02 -1.36718750e-02
  3.58886719e-02 -8.23974609e-03  5.02929688e-02 -9.47265625e-02
  4.78515625e-02  2.07519531e-02  3.06396484e-02  1.29882812e-01
  5.27343750e-02  1.87988281e-02 -1.75781250e-02  3.49121094e-02
  1.83105469e-02 -9.88769531e-03 -1.84570312e-01 -8.98437500e-02
 -2.90527344e-02 -6.07910156e-02 -5.12695312e-02 -2.36511230e-03
  6.64062500e-02 -8.25195312e-02 -4.00390625e-02  9.61914062e-02
 -1.54296875e-01 -1.53320312e-01  2.83203125e-02  1.31225586e-02
  2.99072266e-02 -1.21459961e-02 -9.66796875e-02  2.47802734e-02
  1.93359375e-01  1.30004883e-02  2.41699219e-02 -3.58886719e-02
  9.86328125e-02 -9.66796875e-02 -2.00195312e-01 -1.37939453e-02
  8.59375000e-02 -8.00781250e-02 -1.76757812e-01 -1.74804688e-01
  5.12695312e-03 -3.49121094e-02 -5.46875000e-02  9.37500000e-02
 -9.32617188e-02 -1.19628906e-02 -5.64575195e-04  9.76562500e-02
  2.47802734e-02 -3.97949219e-02  9.76562500e-03  1.18164062e-01
  2.57568359e-02  1.23046875e-01  6.44531250e-02  7.08007812e-02
  2.92968750e-02 -4.95605469e-02 -7.81250000e-02  2.89306641e-02
  4.56542969e-02 -4.29687500e-02  2.58789062e-02 -5.17578125e-02
  1.40625000e-01  4.27246094e-03 -3.78417969e-02  2.74658203e-02
  6.00585938e-02  2.83203125e-02  2.80761719e-02 -3.66210938e-02
  1.30859375e-01 -9.67979431e-05 -6.93359375e-02 -2.20947266e-02
  6.78710938e-02 -2.33154297e-02 -1.53198242e-02 -5.83496094e-02
  6.10351562e-02  6.44683838e-04  3.99780273e-03 -7.12890625e-02
  9.17968750e-02  2.62451172e-02  2.00195312e-02  3.54003906e-02
 -5.78613281e-02 -2.96630859e-02  2.73437500e-02  2.51464844e-02
  6.03027344e-02  1.31835938e-01 -4.36401367e-03  2.73132324e-03
  5.98144531e-02  9.86328125e-02 -9.17968750e-02 -4.58984375e-02
 -1.74560547e-02  3.83300781e-02 -1.91650391e-02  4.63867188e-02
  4.78515625e-02  9.81445312e-02 -4.02832031e-02  9.42382812e-02
 -3.46679688e-02 -4.22363281e-02  7.03125000e-02 -1.36718750e-02
  1.06445312e-01  1.64794922e-02  1.31835938e-01 -1.69372559e-03
 -8.48388672e-03 -1.42578125e-01 -4.66308594e-02 -1.09863281e-01
  8.20312500e-02 -4.10156250e-02 -1.89208984e-02  8.78906250e-02
 -2.80761719e-03  2.38281250e-01 -4.71191406e-02 -2.29492188e-02
  4.07714844e-02  2.92968750e-02 -2.25830078e-02  3.72314453e-03
 -8.25195312e-02  8.15429688e-02  7.93457031e-03  4.76837158e-04
  1.84326172e-02  7.12890625e-02 -3.49121094e-02  2.41699219e-02]
ID: 4, 単語: that, 埋め込みベクトル: [-1.57470703e-02 -2.83203125e-02  8.34960938e-02  5.02929688e-02
 -1.10351562e-01  3.17382812e-02 -1.42211914e-02 -8.98437500e-02
  1.17675781e-01  1.18164062e-01 -7.17773438e-02 -7.71484375e-02
 -6.88476562e-02  7.71484375e-02 -1.38671875e-01  6.50024414e-03
  1.09863281e-02 -1.51367188e-02 -9.61303711e-04 -3.02734375e-02
 -1.58309937e-04  3.83300781e-02 -2.41699219e-02 -4.58984375e-02
  9.47265625e-02 -5.51757812e-02 -6.49414062e-02  6.10351562e-03
  8.54492188e-04  6.20117188e-02 -5.44433594e-02  1.40991211e-02
  2.22167969e-02 -4.49218750e-02  1.11328125e-01 -3.85742188e-02
  5.12695312e-02  2.51464844e-02  1.69677734e-02  6.29882812e-02
  1.37695312e-01  1.35742188e-01  6.54296875e-02 -6.44531250e-02
 -2.40478516e-02 -1.33666992e-02 -3.71093750e-02  4.30297852e-03
 -1.57470703e-02  1.90429688e-02  1.08398438e-01  4.46777344e-02
 -4.49218750e-02 -9.52148438e-02  8.69140625e-02  8.20312500e-02
  6.83593750e-03 -1.31835938e-01  2.73132324e-03 -7.56835938e-02
  2.24609375e-02  1.71875000e-01 -4.85839844e-02  3.83300781e-02
 -8.83789062e-02 -1.72119141e-02  2.18505859e-02  1.33789062e-01
  1.06811523e-02  4.98046875e-02  3.80859375e-02 -5.24902344e-03
  6.12792969e-02 -5.00488281e-02 -1.05957031e-01  5.56640625e-02
  1.54296875e-01  1.70898438e-01  4.80957031e-02  1.26953125e-01
  8.15429688e-02 -1.01562500e-01  4.39453125e-02 -1.35498047e-02
 -1.33789062e-01 -1.57226562e-01  2.42919922e-02  2.08984375e-01
 -1.02050781e-01 -9.37500000e-02  4.85839844e-02  7.51953125e-02
  3.52478027e-03 -1.23535156e-01 -2.41699219e-02 -1.31988525e-03
  3.83300781e-02  7.59887695e-03  1.77001953e-02  4.37011719e-02
 -9.81445312e-02 -5.81054688e-02  1.40991211e-02  4.10156250e-02
 -3.54003906e-02 -2.29492188e-02 -1.30859375e-01 -1.44531250e-01
  2.89306641e-02 -1.22558594e-01 -7.12890625e-02 -7.14111328e-03
 -9.66796875e-02  5.85937500e-02  1.04003906e-01  2.63671875e-02
  7.56835938e-03  3.61328125e-02  4.02832031e-02  5.27343750e-02
 -2.04101562e-01 -3.34472656e-02 -2.90527344e-02  3.17382812e-02
 -1.23535156e-01 -6.73828125e-02  1.58691406e-02 -8.64257812e-02
  1.25122070e-02 -6.29882812e-02 -1.20605469e-01  2.34375000e-02
 -1.31835938e-01 -1.18164062e-01 -1.21459961e-02 -1.09863281e-01
  9.52148438e-02 -4.19921875e-02  1.83105469e-02  5.17578125e-02
  1.49536133e-02 -1.59179688e-01 -2.17285156e-02 -5.12695312e-03
  3.58886719e-02 -3.03649902e-03 -7.81250000e-02 -5.12695312e-02
 -7.41577148e-03  8.74023438e-02 -2.39257812e-02  4.41894531e-02
 -1.13769531e-01  2.14843750e-02 -3.82995605e-03 -4.34570312e-02
 -1.04003906e-01 -1.85546875e-01 -4.49218750e-02  4.49218750e-02
 -4.44335938e-02  1.90429688e-02 -2.09960938e-02  1.34887695e-02
  1.52587891e-02 -3.03955078e-02  4.66308594e-02  1.02539062e-01
 -1.38549805e-02  8.23974609e-03 -5.27343750e-02  1.96533203e-02
 -7.61718750e-02 -8.98437500e-02  4.39453125e-02  7.93457031e-03
  1.26342773e-02 -1.08398438e-01 -1.85546875e-02 -1.04492188e-01
 -1.52343750e-01 -7.91015625e-02 -2.88085938e-02 -1.86767578e-02
  9.71679688e-02 -8.36181641e-03 -3.54003906e-02  7.53784180e-03
  5.81054688e-02  8.20312500e-02  2.88085938e-02  5.10253906e-02
  3.17382812e-03 -1.85546875e-02  1.49536133e-02 -7.27539062e-02
 -3.41796875e-02  4.39453125e-02 -4.88281250e-02 -1.61132812e-01
  2.56347656e-02  3.66210938e-02 -1.53541565e-04 -1.25885010e-03
 -3.97949219e-02 -3.22265625e-02 -1.57470703e-02  6.07910156e-02
  9.71679688e-02 -1.50146484e-02 -3.36914062e-02 -1.53198242e-02
  4.66918945e-03  3.29589844e-02 -8.20312500e-02  1.06445312e-01
  1.54296875e-01  8.78906250e-03 -1.20117188e-01  6.12792969e-02
  5.85937500e-02  3.88183594e-02 -1.59912109e-02 -4.39453125e-02
  1.20117188e-01 -7.51953125e-02  1.25000000e-01  3.51562500e-02
  7.27539062e-02  8.74023438e-02  2.11181641e-02 -7.37304688e-02
  3.44238281e-02 -9.42382812e-02  1.15966797e-02 -5.71289062e-02
 -7.86132812e-02  1.59912109e-02  7.56835938e-02  3.05175781e-02
  4.60815430e-03 -1.45507812e-01 -2.47802734e-02 -1.07910156e-01
  6.88476562e-02  5.81054688e-02  1.25000000e-01 -6.54296875e-02
  5.27954102e-03  1.18408203e-02  6.98242188e-02  1.26953125e-01
  6.54296875e-02 -1.73339844e-02  1.19140625e-01 -3.24707031e-02
  1.44531250e-01  7.66601562e-02 -3.22265625e-02 -6.59179688e-02
  6.29882812e-02 -6.25000000e-02 -9.61914062e-02  1.06445312e-01
 -3.97949219e-02  1.16210938e-01 -9.70458984e-03 -3.54003906e-02
 -6.54296875e-02  5.88378906e-02  1.62109375e-01  5.12695312e-02
  1.59179688e-01  9.52148438e-02  7.61718750e-02 -9.17968750e-02
  2.51464844e-02 -7.86132812e-02  8.93554688e-02 -5.85937500e-02
 -4.00390625e-02  4.58984375e-02  3.10058594e-02  3.90625000e-02
  3.56445312e-02 -1.05957031e-01 -3.71093750e-02 -1.61132812e-01
  2.13623047e-02  1.22070312e-03 -1.12915039e-02 -1.56250000e-02
 -3.34472656e-02 -2.06298828e-02 -1.94091797e-02  6.39648438e-02
  2.01416016e-02  6.86645508e-03  6.10351562e-02 -1.48437500e-01]
ID: 5, 単語: is, 埋め込みベクトル: [ 0.00704956 -0.07324219  0.171875    0.02258301 -0.1328125   0.19824219
  0.11279297 -0.10791016  0.07177734  0.02087402 -0.12304688 -0.05908203
  0.10107422  0.01074219  0.14355469  0.25976562 -0.03637695  0.18554688
 -0.07861328 -0.02270508 -0.12060547  0.17773438  0.04956055  0.01721191
  0.07958984 -0.0456543  -0.18847656  0.18945312 -0.02319336  0.06298828
  0.09765625 -0.01904297 -0.07910156  0.15234375  0.17382812  0.1015625
 -0.16308594  0.11474609  0.10058594 -0.09277344  0.109375    0.05883789
 -0.02160645  0.06347656  0.04199219 -0.0088501   0.03222656  0.10644531
  0.06445312 -0.11865234  0.03051758  0.06689453  0.12207031 -0.08300781
  0.171875    0.07861328  0.09521484 -0.00778198  0.02319336  0.0234375
 -0.0168457   0.15527344 -0.10986328 -0.17675781 -0.11621094  0.0234375
 -0.01062012  0.05273438 -0.13378906  0.07958984  0.07373047  0.04394531
  0.11523438 -0.02062988  0.07470703 -0.01153564  0.08056641  0.04174805
  0.08007812  0.3515625   0.09667969 -0.21289062  0.16503906 -0.078125
  0.06982422 -0.00139618 -0.09130859  0.12988281  0.25195312 -0.01611328
  0.09326172 -0.14648438 -0.00151062 -0.15136719 -0.02685547 -0.15722656
  0.02636719  0.0859375   0.07177734  0.07714844 -0.0390625   0.05444336
 -0.12792969  0.09130859 -0.18457031 -0.03759766 -0.0279541  -0.08984375
 -0.11669922 -0.09863281  0.0480957  -0.16210938 -0.10888672  0.08496094
 -0.0456543   0.15820312 -0.03808594 -0.08203125  0.203125    0.08642578
  0.06933594  0.03222656 -0.16015625  0.09472656 -0.0246582   0.05419922
  0.0279541   0.04492188  0.16992188  0.07275391 -0.03637695 -0.01025391
 -0.01708984 -0.10742188 -0.0007019  -0.07373047  0.25390625  0.05664062
  0.03515625 -0.00860596  0.18554688  0.02148438  0.26367188 -0.02380371
 -0.09912109 -0.04125977 -0.06933594 -0.11376953  0.05004883 -0.05883789
  0.04614258  0.08740234  0.10546875  0.10644531  0.0279541   0.09472656
  0.11621094 -0.17285156 -0.03491211 -0.20800781  0.05957031  0.10400391
 -0.00179291  0.05859375 -0.02978516 -0.03759766  0.04858398 -0.06396484
  0.07958984  0.06933594 -0.10498047 -0.14453125  0.04345703 -0.06884766
 -0.03564453 -0.01171875  0.01367188 -0.06591797  0.11914062  0.03125
 -0.04638672 -0.00196838  0.00735474 -0.05664062  0.02783203  0.08251953
 -0.01348877  0.07177734  0.14453125  0.12792969  0.04223633  0.14160156
 -0.01806641  0.02160645 -0.09179688  0.13378906 -0.1953125  -0.05029297
 -0.0378418  -0.09619141  0.10302734 -0.10693359 -0.14746094  0.09960938
 -0.23046875  0.22753906 -0.07519531  0.06494141  0.09179688  0.046875
  0.06298828  0.06982422  0.04614258  0.09716797 -0.20214844  0.19921875
  0.18652344 -0.11962891 -0.14257812  0.15039062 -0.03369141 -0.14550781
 -0.00069046 -0.07324219  0.13378906  0.03564453 -0.02294922  0.02770996
 -0.07910156  0.20703125 -0.08349609 -0.04956055  0.03149414  0.1484375
  0.05566406 -0.04492188 -0.07958984  0.00476074 -0.02075195  0.06005859
  0.00476074  0.01116943  0.17285156 -0.13476562  0.03076172 -0.07958984
  0.09033203  0.06103516  0.07714844 -0.05029297 -0.09228516 -0.26757812
  0.10791016  0.0859375   0.06298828  0.10791016 -0.0267334   0.10205078
 -0.12060547  0.05297852  0.09472656 -0.16503906  0.04418945  0.07226562
  0.04125977  0.42578125 -0.10302734 -0.16015625 -0.09033203 -0.06396484
 -0.0480957   0.14453125  0.06542969  0.04931641  0.05419922  0.13574219
 -0.01928711 -0.21582031 -0.07421875 -0.14648438  0.01147461 -0.16503906
 -0.10498047  0.00320435  0.13476562 -0.00396729 -0.10351562 -0.13964844
  0.10449219 -0.01257324 -0.23339844 -0.03637695 -0.09375     0.18261719
  0.02709961  0.12792969 -0.02478027  0.01123047  0.1640625   0.10693359]
